In this example, the number of constellations is 2:

 0,0,0,0
 3,0,0,0
 0,3,0,0
 0,0,3,0
 0,0,0,3
 0,0,0,6
 9,0,0,0
12,0,0,0

In this example, the number of constellations is 4:

-1,2,2,0
0,0,2,-2
0,0,0,-2
-1,2,0,0
-2,-2,-2,2
3,0,2,-1
-1,3,2,2
-1,0,-1,0
0,2,1,-2
3,0,0,0

In this one, it's 3:

1,-1,0,1
2,0,-1,0
3,2,-1,0
0,0,3,1
0,0,-1,-1
2,3,-2,0
-2,2,0,0
2,-2,0,-1
1,-1,0,-1
3,2,0,2

Finally, in this one, it's 8:

1,-1,-1,-2
-2,-2,0,1
0,2,1,3
-2,3,-2,1
0,2,3,-2
-1,-1,1,-2
0,-2,-1,0
-2,2,3,-1
1,2,2,0
-1,-2,0,-2